digraph Tree {
node [shape=box] ;
0 [label="X[112] <= 0.5\ngini = 0.976\nsamples = 2958\nvalue = [73, 77, 63, 61, 72, 72, 65, 64, 68, 77, 5, 70\n70, 69, 79, 65, 78, 66, 74, 82, 81, 71, 75, 82\n75, 77, 75, 77, 66, 68, 69, 76, 67, 73, 66, 82\n73, 70, 76, 68, 73, 68]"] ;
1 [label="X[108] <= 0.5\ngini = 0.975\nsamples = 2876\nvalue = [73, 77, 63, 61, 72, 72, 65, 64, 68, 77, 5, 70\n70, 69, 79, 65, 78, 66, 74, 0, 81, 71, 75, 82\n75, 77, 75, 77, 66, 68, 69, 76, 67, 73, 66, 82\n73, 70, 76, 68, 73, 68]"] ;
0 -> 1 [labeldistance=2.5, labelangle=45, headlabel="True"] ;
2 [label="X[77] <= 0.5\ngini = 0.974\nsamples = 2794\nvalue = [73, 77, 63, 61, 72, 72, 65, 64, 68, 77, 5, 70\n70, 69, 79, 65, 78, 66, 74, 0, 81, 71, 75, 82\n75, 77, 75, 77, 66, 68, 69, 76, 67, 73, 66, 0\n73, 70, 76, 68, 73, 68]"] ;
1 -> 2 ;
3 [label="X[51] <= 0.5\ngini = 0.974\nsamples = 2717\nvalue = [73, 77, 63, 61, 72, 72, 65, 64, 68, 77, 5, 70\n70, 69, 79, 65, 78, 66, 74, 0, 81, 71, 75, 82\n75, 0, 75, 77, 66, 68, 69, 76, 67, 73, 66, 0\n73, 70, 76, 68, 73, 68]"] ;
2 -> 3 ;
4 [label="X[109] <= 0.5\ngini = 0.973\nsamples = 2640\nvalue = [73, 77, 63, 61, 72, 72, 65, 64, 68, 0, 5, 70\n70, 69, 79, 65, 78, 66, 74, 0, 81, 71, 75, 82\n75, 0, 75, 77, 66, 68, 69, 76, 67, 73, 66, 0\n73, 70, 76, 68, 73, 68]"] ;
3 -> 4 ;
5 [label="X[73] <= 0.5\ngini = 0.972\nsamples = 2563\nvalue = [73, 77, 63, 61, 72, 72, 65, 64, 68, 0, 5, 70\n70, 69, 79, 65, 78, 66, 74, 0, 81, 71, 75, 5\n75, 0, 75, 77, 66, 68, 69, 76, 67, 73, 66, 0\n73, 70, 76, 68, 73, 68]"] ;
4 -> 5 ;
6 [label="X[101] <= 0.5\ngini = 0.972\nsamples = 2488\nvalue = [73, 77, 63, 61, 72, 72, 65, 64, 68, 0, 5, 70\n70, 69, 79, 65, 78, 66, 74, 0, 81, 71, 75, 5\n75, 0, 0, 77, 66, 68, 69, 76, 67, 73, 66, 0\n73, 70, 76, 68, 73, 68]"] ;
5 -> 6 ;
7 [label="X[114] <= 0.5\ngini = 0.971\nsamples = 2413\nvalue = [73, 77, 63, 61, 72, 72, 65, 64, 68, 0, 5, 70\n70, 69, 79, 65, 78, 66, 74, 0, 81, 71, 75, 5\n0, 0, 0, 77, 66, 68, 69, 76, 67, 73, 66, 0, 73\n70, 76, 68, 73, 68]"] ;
6 -> 7 ;
8 [label="X[131] <= 0.5\ngini = 0.97\nsamples = 2338\nvalue = [73, 77, 63, 61, 72, 72, 65, 64, 68, 0, 5, 70\n70, 69, 79, 65, 78, 66, 74, 0, 81, 71, 0, 5, 0\n0, 0, 77, 66, 68, 69, 76, 67, 73, 66, 0, 73\n70, 76, 68, 73, 68]"] ;
7 -> 8 ;
9 [label="X[94] <= 0.5\ngini = 0.969\nsamples = 2264\nvalue = [73, 77, 63, 61, 72, 72, 65, 64, 68, 0, 5, 70\n70, 69, 79, 65, 78, 66, 74, 0, 81, 71, 0, 5, 0\n0, 0, 3, 66, 68, 69, 76, 67, 73, 66, 0, 73, 70\n76, 68, 73, 68]"] ;
8 -> 9 ;
10 [label="X[78] <= 0.5\ngini = 0.968\nsamples = 2192\nvalue = [73, 77, 63, 61, 72, 72, 65, 64, 68, 0, 5, 70\n70, 69, 79, 65, 78, 66, 74, 0, 81, 71, 0, 5, 0\n0, 0, 3, 66, 68, 69, 76, 67, 73, 66, 0, 73, 70\n4, 68, 73, 68]"] ;
9 -> 10 ;
11 [label="X[102] <= 0.5\ngini = 0.967\nsamples = 2120\nvalue = [73, 77, 63, 61, 72, 72, 65, 64, 68, 0, 5, 70\n70, 69, 79, 65, 78, 66, 74, 0, 81, 71, 0, 5, 0\n0, 0, 3, 66, 68, 69, 4, 67, 73, 66, 0, 73, 70\n4, 68, 73, 68]"] ;
10 -> 11 ;
12 [label="X[106] <= 0.5\ngini = 0.966\nsamples = 2048\nvalue = [73, 77, 63, 61, 72, 72, 65, 64, 68, 0, 5, 70\n70, 69, 7, 65, 78, 66, 74, 0, 81, 71, 0, 5, 0\n0, 0, 3, 66, 68, 69, 4, 67, 73, 66, 0, 73, 70\n4, 68, 73, 68]"] ;
11 -> 12 ;
13 [label="X[60] <= 0.5\ngini = 0.964\nsamples = 1905\nvalue = [73, 77, 63, 61, 72, 5, 65, 64, 68, 0, 5, 70\n70, 69, 7, 65, 78, 66, 74, 0, 5, 71, 0, 5, 0\n0, 0, 3, 66, 68, 69, 4, 67, 73, 66, 0, 73, 70\n4, 68, 73, 68]"] ;
12 -> 13 ;
14 [label="X[50] <= 0.5\ngini = 0.963\nsamples = 1834\nvalue = [73, 77, 63, 61, 72, 5, 65, 64, 68, 0, 5, 70\n70, 69, 7, 65, 78, 66, 3, 0, 5, 71, 0, 5, 0\n0, 0, 3, 66, 68, 69, 4, 67, 73, 66, 0, 73, 70\n4, 68, 73, 68]"] ;
13 -> 14 ;
15 [label="X[105] <= 0.5\ngini = 0.962\nsamples = 1764\nvalue = [73, 77, 63, 61, 72, 5, 65, 64, 68, 0, 5, 70\n70, 69, 7, 65, 78, 66, 3, 0, 5, 71, 0, 5, 0\n0, 0, 3, 66, 68, 69, 4, 67, 73, 66, 0, 73, 0\n4, 68, 73, 68]"] ;
14 -> 15 ;
16 [label="X[36] <= 0.5\ngini = 0.96\nsamples = 1694\nvalue = [73, 77, 63, 61, 72, 5, 65, 64, 68, 0, 5, 70, 0\n69, 7, 65, 78, 66, 3, 0, 5, 71, 0, 5, 0, 0\n0, 3, 66, 68, 69, 4, 67, 73, 66, 0, 73, 0, 4\n68, 73, 68]"] ;
15 -> 16 ;
17 [label="X[127] <= 0.5\ngini = 0.958\nsamples = 1624\nvalue = [73, 77, 63, 61, 72, 5, 65, 64, 68, 0, 5, 0, 0\n69, 7, 65, 78, 66, 3, 0, 5, 71, 0, 5, 0, 0\n0, 3, 66, 68, 69, 4, 67, 73, 66, 0, 73, 0, 4\n68, 73, 68]"] ;
16 -> 17 ;
18 [label="X[80] <= 0.5\ngini = 0.957\nsamples = 1554\nvalue = [73, 77, 63, 61, 72, 5, 65, 64, 68, 0, 5, 0, 0\n69, 7, 65, 78, 66, 3, 0, 5, 71, 0, 5, 0, 0\n0, 3, 66, 68, 69, 4, 67, 73, 66, 0, 3, 0, 4\n68, 73, 68]"] ;
17 -> 18 ;
19 [label="X[22] <= 0.5\ngini = 0.955\nsamples = 1485\nvalue = [73, 77, 63, 61, 3, 5, 65, 64, 68, 0, 5, 0, 0\n69, 7, 65, 78, 66, 3, 0, 5, 71, 0, 5, 0, 0\n0, 3, 66, 68, 69, 4, 67, 73, 66, 0, 3, 0, 4\n68, 73, 68]"] ;
18 -> 19 ;
20 [label="X[67] <= 0.5\ngini = 0.953\nsamples = 1416\nvalue = [4, 77, 63, 61, 3, 5, 65, 64, 68, 0, 5, 0, 0\n69, 7, 65, 78, 66, 3, 0, 5, 71, 0, 5, 0, 0\n0, 3, 66, 68, 69, 4, 67, 73, 66, 0, 3, 0, 4\n68, 73, 68]"] ;
19 -> 20 ;
21 [label="X[124] <= 0.5\ngini = 0.951\nsamples = 1347\nvalue = [4, 77, 63, 61, 3, 5, 65, 64, 68, 0, 5, 0, 0\n69, 7, 65, 78, 66, 3, 0, 5, 71, 0, 5, 0, 0\n0, 3, 66, 68, 69, 4, 67, 73, 66, 0, 3, 0, 4\n68, 4, 68]"] ;
20 -> 21 ;
22 [label="X[29] <= 0.5\ngini = 0.949\nsamples = 1278\nvalue = [4, 8, 63, 61, 3, 5, 65, 64, 68, 0, 5, 0, 0\n69, 7, 65, 78, 66, 3, 0, 5, 71, 0, 5, 0, 0\n0, 3, 66, 68, 69, 4, 67, 73, 66, 0, 3, 0, 4\n68, 4, 68]"] ;
21 -> 22 ;
23 [label="X[97] <= 0.5\ngini = 0.948\nsamples = 1209\nvalue = [4, 8, 63, 61, 3, 5, 65, 64, 68, 0, 5, 0, 0\n69, 7, 65, 9, 66, 3, 0, 5, 71, 0, 5, 0, 0, 0\n3, 66, 68, 69, 4, 67, 73, 66, 0, 3, 0, 4, 68\n4, 68]"] ;
22 -> 23 ;
24 [label="X[86] <= 0.5\ngini = 0.942\nsamples = 1073\nvalue = [4, 8, 63, 61, 3, 5, 65, 64, 68, 0, 5, 0, 0\n69, 7, 65, 9, 66, 3, 0, 5, 71, 0, 5, 0, 0, 0\n3, 66, 0, 69, 4, 67, 73, 66, 0, 3, 0, 4, 68\n4, 0]"] ;
23 -> 24 ;
25 [label="X[110] <= 0.5\ngini = 0.939\nsamples = 1005\nvalue = [4, 8, 63, 61, 3, 5, 65, 64, 68, 0, 5, 0, 0\n69, 7, 65, 9, 66, 3, 0, 5, 71, 0, 5, 0, 0, 0\n3, 66, 0, 69, 4, 67, 5, 66, 0, 3, 0, 4, 68\n4, 0]"] ;
24 -> 25 ;
26 [label="X[99] <= 0.5\ngini = 0.935\nsamples = 939\nvalue = [4, 8, 63, 61, 3, 5, 65, 64, 68, 0, 5, 0, 0\n69, 7, 65, 9, 66, 3, 0, 5, 71, 0, 5, 0, 0, 0\n3, 66, 0, 3, 4, 67, 5, 66, 0, 3, 0, 4, 68, 4\n0]"] ;
25 -> 26 ;
27 [label="X[93] <= 0.5\ngini = 0.931\nsamples = 875\nvalue = [4, 8, 63, 61, 3, 5, 65, 0, 68, 0, 5, 0, 0\n69, 7, 65, 9, 66, 3, 0, 5, 71, 0, 5, 0, 0, 0\n3, 66, 0, 3, 4, 67, 5, 66, 0, 3, 0, 4, 68, 4\n0]"] ;
26 -> 27 ;
28 [label="X[89] <= 0.5\ngini = 0.926\nsamples = 811\nvalue = [4, 8, 63, 61, 3, 5, 65, 0, 68, 0, 5, 0, 0\n69, 7, 65, 9, 66, 3, 0, 5, 71, 0, 5, 0, 0, 0\n3, 66, 0, 3, 4, 67, 5, 2, 0, 3, 0, 4, 68, 4\n0]"] ;
27 -> 28 ;
29 [label="X[33] <= 0.5\ngini = 0.921\nsamples = 747\nvalue = [4, 8, 63, 61, 3, 5, 65, 0, 68, 0, 5, 0, 0\n69, 7, 65, 9, 66, 3, 0, 5, 71, 0, 5, 0, 0, 0\n3, 66, 0, 3, 4, 67, 5, 2, 0, 3, 0, 4, 4, 4\n0]"] ;
28 -> 29 ;
30 [label="X[98] <= 0.5\ngini = 0.908\nsamples = 617\nvalue = [4, 8, 63, 61, 3, 5, 65, 0, 68, 0, 5, 0, 0\n69, 7, 65, 9, 66, 3, 0, 5, 3, 0, 5, 0, 0, 0\n3, 4, 0, 3, 4, 67, 5, 2, 0, 3, 0, 4, 4, 4\n0]"] ;
29 -> 30 ;
31 [label="X[28] <= 0.5\ngini = 0.901\nsamples = 554\nvalue = [4, 8, 63, 61, 3, 5, 65, 0, 68, 0, 5, 0, 0\n69, 7, 65, 9, 66, 3, 0, 5, 3, 0, 5, 0, 0, 0\n3, 4, 0, 3, 4, 4, 5, 2, 0, 3, 0, 4, 4, 4\n0]"] ;
30 -> 31 ;
32 [label="X[117] <= 0.5\ngini = 0.892\nsamples = 492\nvalue = [4, 8, 63, 61, 3, 5, 65, 0, 68, 0, 5, 0, 0\n69, 7, 65, 9, 4, 3, 0, 5, 3, 0, 5, 0, 0, 0\n3, 4, 0, 3, 4, 4, 5, 2, 0, 3, 0, 4, 4, 4\n0]"] ;
31 -> 32 ;
33 [label="X[4] <= 0.5\ngini = 0.881\nsamples = 431\nvalue = [4, 8, 2, 61, 3, 5, 65, 0, 68, 0, 5, 0, 0, 69\n7, 65, 9, 4, 3, 0, 5, 3, 0, 5, 0, 0, 0, 3\n4, 0, 3, 4, 4, 5, 2, 0, 3, 0, 4, 4, 4, 0]"] ;
32 -> 33 ;
34 [label="X[37] <= 0.5\ngini = 0.867\nsamples = 372\nvalue = [4, 8, 2, 2, 3, 5, 65, 0, 68, 0, 5, 0, 0, 69\n7, 65, 9, 4, 3, 0, 5, 3, 0, 5, 0, 0, 0, 3\n4, 0, 3, 4, 4, 5, 2, 0, 3, 0, 4, 4, 4, 0]"] ;
33 -> 34 ;
35 [label="X[43] <= 0.5\ngini = 0.855\nsamples = 312\nvalue = [4, 8, 2, 2, 3, 5, 5, 0, 68, 0, 5, 0, 0, 69\n7, 65, 9, 4, 3, 0, 5, 3, 0, 5, 0, 0, 0, 3\n4, 0, 3, 4, 4, 5, 2, 0, 3, 0, 4, 4, 4, 0]"] ;
34 -> 35 ;
36 [label="X[9] <= 0.5\ngini = 0.834\nsamples = 239\nvalue = [4, 8, 2, 2, 3, 5, 5, 0, 3, 0, 5, 0, 0, 69\n7, 65, 9, 4, 3, 0, 0, 0, 0, 5, 0, 0, 0, 3\n4, 0, 3, 4, 4, 5, 2, 0, 3, 0, 4, 4, 4, 0]"] ;
35 -> 36 ;
37 [label="X[13] <= 0.5\ngini = 0.838\nsamples = 181\nvalue = [4, 8, 2, 2, 3, 5, 5, 0, 3, 0, 5, 0, 0, 69\n7, 7, 9, 4, 3, 0, 0, 0, 0, 5, 0, 0, 0, 3\n4, 0, 3, 4, 4, 5, 2, 0, 3, 0, 4, 4, 4, 0]"] ;
36 -> 37 ;
38 [label="X[26] <= 0.5\ngini = 0.956\nsamples = 121\nvalue = [4, 8, 2, 2, 3, 5, 5, 0, 3, 0, 5, 0, 0, 9\n7, 7, 9, 4, 3, 0, 0, 0, 0, 5, 0, 0, 0, 3\n4, 0, 3, 4, 4, 5, 2, 0, 3, 0, 4, 4, 4, 0]"] ;
37 -> 38 ;
39 [label="X[123] <= 0.5\ngini = 0.955\nsamples = 112\nvalue = [4, 8, 2, 2, 3, 5, 5, 0, 3, 0, 5, 0, 0, 9\n7, 7, 0, 4, 3, 0, 0, 0, 0, 5, 0, 0, 0, 3\n4, 0, 3, 4, 4, 5, 2, 0, 3, 0, 4, 4, 4, 0]"] ;
38 -> 39 ;
40 [label="X[7] <= 0.5\ngini = 0.954\nsamples = 104\nvalue = [4, 0, 2, 2, 3, 5, 5, 0, 3, 0, 5, 0, 0, 9\n7, 7, 0, 4, 3, 0, 0, 0, 0, 5, 0, 0, 0, 3\n4, 0, 3, 4, 4, 5, 2, 0, 3, 0, 4, 4, 4, 0]"] ;
39 -> 40 ;
41 [label="X[2] <= 0.5\ngini = 0.952\nsamples = 88\nvalue = [4, 0, 2, 2, 3, 5, 5, 0, 3, 0, 5, 0, 0, 0\n7, 0, 0, 4, 3, 0, 0, 0, 0, 5, 0, 0, 0, 3\n4, 0, 3, 4, 4, 5, 2, 0, 3, 0, 4, 4, 4, 0]"] ;
40 -> 41 ;
42 [label="X[88] <= 0.5\ngini = 0.951\nsamples = 81\nvalue = [4, 0, 2, 2, 3, 5, 5, 0, 3, 0, 5, 0, 0, 0\n0, 0, 0, 4, 3, 0, 0, 0, 0, 5, 0, 0, 0, 3\n4, 0, 3, 4, 4, 5, 2, 0, 3, 0, 4, 4, 4, 0]"] ;
41 -> 42 ;
43 [label="X[24] <= 0.5\ngini = 0.949\nsamples = 76\nvalue = [4, 0, 2, 2, 3, 5, 5, 0, 3, 0, 0, 0, 0, 0\n0, 0, 0, 4, 3, 0, 0, 0, 0, 5, 0, 0, 0, 3\n4, 0, 3, 4, 4, 5, 2, 0, 3, 0, 4, 4, 4, 0]"] ;
42 -> 43 ;
44 [label="X[57] <= 0.5\ngini = 0.947\nsamples = 71\nvalue = [4, 0, 2, 2, 3, 0, 5, 0, 3, 0, 0, 0, 0, 0\n0, 0, 0, 4, 3, 0, 0, 0, 0, 5, 0, 0, 0, 3\n4, 0, 3, 4, 4, 5, 2, 0, 3, 0, 4, 4, 4, 0]"] ;
43 -> 44 ;
45 [label="X[84] <= 0.5\ngini = 0.944\nsamples = 66\nvalue = [4, 0, 2, 2, 3, 0, 0, 0, 3, 0, 0, 0, 0, 0\n0, 0, 0, 4, 3, 0, 0, 0, 0, 5, 0, 0, 0, 3\n4, 0, 3, 4, 4, 5, 2, 0, 3, 0, 4, 4, 4, 0]"] ;
44 -> 45 ;
46 [label="X[64] <= 0.5\ngini = 0.941\nsamples = 61\nvalue = [4, 0, 2, 2, 3, 0, 0, 0, 3, 0, 0, 0, 0, 0\n0, 0, 0, 4, 3, 0, 0, 0, 0, 5, 0, 0, 0, 3\n4, 0, 3, 4, 4, 0, 2, 0, 3, 0, 4, 4, 4, 0]"] ;
45 -> 46 ;
47 [label="X[27] <= 0.5\ngini = 0.938\nsamples = 56\nvalue = [4, 0, 2, 2, 3, 0, 0, 0, 3, 0, 0, 0, 0, 0\n0, 0, 0, 4, 3, 0, 0, 0, 0, 0, 0, 0, 0, 3\n4, 0, 3, 4, 4, 0, 2, 0, 3, 0, 4, 4, 4, 0]"] ;
46 -> 47 ;
48 [label="X[12] <= 0.5\ngini = 0.934\nsamples = 52\nvalue = [4, 0, 2, 2, 3, 0, 0, 0, 3, 0, 0, 0, 0, 0\n0, 0, 0, 0, 3, 0, 0, 0, 0, 0, 0, 0, 0, 3\n4, 0, 3, 4, 4, 0, 2, 0, 3, 0, 4, 4, 4, 0]"] ;
47 -> 48 ;
49 [label="X[68] <= 0.5\ngini = 0.93\nsamples = 48\nvalue = [4, 0, 2, 2, 3, 0, 0, 0, 3, 0, 0, 0, 0, 0\n0, 0, 0, 0, 3, 0, 0, 0, 0, 0, 0, 0, 0, 3\n4, 0, 3, 4, 4, 0, 2, 0, 3, 0, 4, 0, 4, 0]"] ;
48 -> 49 ;
50 [label="X[75] <= 0.5\ngini = 0.925\nsamples = 44\nvalue = [4, 0, 2, 2, 3, 0, 0, 0, 3, 0, 0, 0, 0, 0\n0, 0, 0, 0, 3, 0, 0, 0, 0, 0, 0, 0, 0, 3\n4, 0, 3, 4, 4, 0, 2, 0, 3, 0, 4, 0, 0, 0]"] ;
49 -> 50 ;
51 [label="X[87] <= 0.5\ngini = 0.919\nsamples = 40\nvalue = [0, 0, 2, 2, 3, 0, 0, 0, 3, 0, 0, 0, 0, 0\n0, 0, 0, 0, 3, 0, 0, 0, 0, 0, 0, 0, 0, 3\n4, 0, 3, 4, 4, 0, 2, 0, 3, 0, 4, 0, 0, 0]"] ;
50 -> 51 ;
52 [label="X[63] <= 0.5\ngini = 0.912\nsamples = 36\nvalue = [0, 0, 2, 2, 3, 0, 0, 0, 3, 0, 0, 0, 0, 0\n0, 0, 0, 0, 3, 0, 0, 0, 0, 0, 0, 0, 0, 3\n4, 0, 3, 4, 0, 0, 2, 0, 3, 0, 4, 0, 0, 0]"] ;
51 -> 52 ;
53 [label="X[19] <= 0.5\ngini = 0.904\nsamples = 32\nvalue = [0, 0, 2, 2, 3, 0, 0, 0, 3, 0, 0, 0, 0, 0\n0, 0, 0, 0, 3, 0, 0, 0, 0, 0, 0, 0, 0, 3\n4, 0, 3, 0, 0, 0, 2, 0, 3, 0, 4, 0, 0, 0]"] ;
52 -> 53 ;
54 [label="X[100] <= 0.5\ngini = 0.895\nsamples = 28\nvalue = [0, 0, 2, 2, 3, 0, 0, 0, 3, 0, 0, 0, 0, 0\n0, 0, 0, 0, 3, 0, 0, 0, 0, 0, 0, 0, 0, 3\n0, 0, 3, 0, 0, 0, 2, 0, 3, 0, 4, 0, 0, 0]"] ;
53 -> 54 ;
55 [label="X[0] <= 0.5\ngini = 0.885\nsamples = 24\nvalue = [0, 0, 2, 2, 3, 0, 0, 0, 3, 0, 0, 0, 0, 0\n0, 0, 0, 0, 3, 0, 0, 0, 0, 0, 0, 0, 0, 3\n0, 0, 3, 0, 0, 0, 2, 0, 3, 0, 0, 0, 0, 0]"] ;
54 -> 55 ;
56 [label="X[126] <= 0.5\ngini = 0.871\nsamples = 21\nvalue = [0, 0, 2, 2, 3, 0, 0, 0, 0, 0, 0, 0, 0, 0\n0, 0, 0, 0, 3, 0, 0, 0, 0, 0, 0, 0, 0, 3\n0, 0, 3, 0, 0, 0, 2, 0, 3, 0, 0, 0, 0, 0]"] ;
55 -> 56 ;
57 [label="X[130] <= 0.5\ngini = 0.852\nsamples = 18\nvalue = [0, 0, 2, 2, 3, 0, 0, 0, 0, 0, 0, 0, 0, 0\n0, 0, 0, 0, 3, 0, 0, 0, 0, 0, 0, 0, 0, 3\n0, 0, 3, 0, 0, 0, 2, 0, 0, 0, 0, 0, 0, 0]"] ;
56 -> 57 ;
58 [label="X[59] <= 0.5\ngini = 0.827\nsamples = 15\nvalue = [0, 0, 2, 2, 3, 0, 0, 0, 0, 0, 0, 0, 0, 0\n0, 0, 0, 0, 3, 0, 0, 0, 0, 0, 0, 0, 0, 0\n0, 0, 3, 0, 0, 0, 2, 0, 0, 0, 0, 0, 0, 0]"] ;
57 -> 58 ;
59 [label="X[31] <= 0.5\ngini = 0.792\nsamples = 12\nvalue = [0, 0, 2, 2, 3, 0, 0, 0, 0, 0, 0, 0, 0, 0\n0, 0, 0, 0, 0, 0, 0, 0, 0, 0, 0, 0, 0, 0\n0, 0, 3, 0, 0, 0, 2, 0, 0, 0, 0, 0, 0, 0]"] ;
58 -> 59 ;
60 [label="X[83] <= 0.5\ngini = 0.741\nsamples = 9\nvalue = [0, 0, 2, 2, 3, 0, 0, 0, 0, 0, 0, 0, 0, 0\n0, 0, 0, 0, 0, 0, 0, 0, 0, 0, 0, 0, 0, 0\n0, 0, 0, 0, 0, 0, 2, 0, 0, 0, 0, 0, 0, 0]"] ;
59 -> 60 ;
61 [label="X[3] <= 0.5\ngini = 0.667\nsamples = 6\nvalue = [0, 0, 2, 2, 0, 0, 0, 0, 0, 0, 0, 0, 0, 0\n0, 0, 0, 0, 0, 0, 0, 0, 0, 0, 0, 0, 0, 0\n0, 0, 0, 0, 0, 0, 2, 0, 0, 0, 0, 0, 0, 0]"] ;
60 -> 61 ;
62 [label="X[92] <= 0.5\ngini = 0.5\nsamples = 4\nvalue = [0, 0, 2, 0, 0, 0, 0, 0, 0, 0, 0, 0, 0, 0\n0, 0, 0, 0, 0, 0, 0, 0, 0, 0, 0, 0, 0, 0\n0, 0, 0, 0, 0, 0, 2, 0, 0, 0, 0, 0, 0, 0]"] ;
61 -> 62 ;
63 [label="gini = 0.0\nsamples = 2\nvalue = [0, 0, 2, 0, 0, 0, 0, 0, 0, 0, 0, 0, 0, 0\n0, 0, 0, 0, 0, 0, 0, 0, 0, 0, 0, 0, 0, 0\n0, 0, 0, 0, 0, 0, 0, 0, 0, 0, 0, 0, 0, 0]"] ;
62 -> 63 ;
64 [label="gini = 0.0\nsamples = 2\nvalue = [0, 0, 0, 0, 0, 0, 0, 0, 0, 0, 0, 0, 0, 0\n0, 0, 0, 0, 0, 0, 0, 0, 0, 0, 0, 0, 0, 0\n0, 0, 0, 0, 0, 0, 2, 0, 0, 0, 0, 0, 0, 0]"] ;
62 -> 64 ;
65 [label="gini = 0.0\nsamples = 2\nvalue = [0, 0, 0, 2, 0, 0, 0, 0, 0, 0, 0, 0, 0, 0\n0, 0, 0, 0, 0, 0, 0, 0, 0, 0, 0, 0, 0, 0\n0, 0, 0, 0, 0, 0, 0, 0, 0, 0, 0, 0, 0, 0]"] ;
61 -> 65 ;
66 [label="gini = 0.0\nsamples = 3\nvalue = [0, 0, 0, 0, 3, 0, 0, 0, 0, 0, 0, 0, 0, 0\n0, 0, 0, 0, 0, 0, 0, 0, 0, 0, 0, 0, 0, 0\n0, 0, 0, 0, 0, 0, 0, 0, 0, 0, 0, 0, 0, 0]"] ;
60 -> 66 ;
67 [label="gini = 0.0\nsamples = 3\nvalue = [0, 0, 0, 0, 0, 0, 0, 0, 0, 0, 0, 0, 0, 0\n0, 0, 0, 0, 0, 0, 0, 0, 0, 0, 0, 0, 0, 0\n0, 0, 3, 0, 0, 0, 0, 0, 0, 0, 0, 0, 0, 0]"] ;
59 -> 67 ;
68 [label="gini = 0.0\nsamples = 3\nvalue = [0, 0, 0, 0, 0, 0, 0, 0, 0, 0, 0, 0, 0, 0\n0, 0, 0, 0, 3, 0, 0, 0, 0, 0, 0, 0, 0, 0\n0, 0, 0, 0, 0, 0, 0, 0, 0, 0, 0, 0, 0, 0]"] ;
58 -> 68 ;
69 [label="gini = 0.0\nsamples = 3\nvalue = [0, 0, 0, 0, 0, 0, 0, 0, 0, 0, 0, 0, 0, 0\n0, 0, 0, 0, 0, 0, 0, 0, 0, 0, 0, 0, 0, 3\n0, 0, 0, 0, 0, 0, 0, 0, 0, 0, 0, 0, 0, 0]"] ;
57 -> 69 ;
70 [label="gini = 0.0\nsamples = 3\nvalue = [0, 0, 0, 0, 0, 0, 0, 0, 0, 0, 0, 0, 0, 0\n0, 0, 0, 0, 0, 0, 0, 0, 0, 0, 0, 0, 0, 0\n0, 0, 0, 0, 0, 0, 0, 0, 3, 0, 0, 0, 0, 0]"] ;
56 -> 70 ;
71 [label="gini = 0.0\nsamples = 3\nvalue = [0, 0, 0, 0, 0, 0, 0, 0, 3, 0, 0, 0, 0, 0\n0, 0, 0, 0, 0, 0, 0, 0, 0, 0, 0, 0, 0, 0\n0, 0, 0, 0, 0, 0, 0, 0, 0, 0, 0, 0, 0, 0]"] ;
55 -> 71 ;
72 [label="gini = 0.0\nsamples = 4\nvalue = [0, 0, 0, 0, 0, 0, 0, 0, 0, 0, 0, 0, 0, 0\n0, 0, 0, 0, 0, 0, 0, 0, 0, 0, 0, 0, 0, 0\n0, 0, 0, 0, 0, 0, 0, 0, 0, 0, 4, 0, 0, 0]"] ;
54 -> 72 ;
73 [label="gini = 0.0\nsamples = 4\nvalue = [0, 0, 0, 0, 0, 0, 0, 0, 0, 0, 0, 0, 0, 0\n0, 0, 0, 0, 0, 0, 0, 0, 0, 0, 0, 0, 0, 0\n4, 0, 0, 0, 0, 0, 0, 0, 0, 0, 0, 0, 0, 0]"] ;
53 -> 73 ;
74 [label="gini = 0.0\nsamples = 4\nvalue = [0, 0, 0, 0, 0, 0, 0, 0, 0, 0, 0, 0, 0, 0\n0, 0, 0, 0, 0, 0, 0, 0, 0, 0, 0, 0, 0, 0\n0, 0, 0, 4, 0, 0, 0, 0, 0, 0, 0, 0, 0, 0]"] ;
52 -> 74 ;
75 [label="gini = 0.0\nsamples = 4\nvalue = [0, 0, 0, 0, 0, 0, 0, 0, 0, 0, 0, 0, 0, 0\n0, 0, 0, 0, 0, 0, 0, 0, 0, 0, 0, 0, 0, 0\n0, 0, 0, 0, 4, 0, 0, 0, 0, 0, 0, 0, 0, 0]"] ;
51 -> 75 ;
76 [label="gini = 0.0\nsamples = 4\nvalue = [4, 0, 0, 0, 0, 0, 0, 0, 0, 0, 0, 0, 0, 0\n0, 0, 0, 0, 0, 0, 0, 0, 0, 0, 0, 0, 0, 0\n0, 0, 0, 0, 0, 0, 0, 0, 0, 0, 0, 0, 0, 0]"] ;
50 -> 76 ;
77 [label="gini = 0.0\nsamples = 4\nvalue = [0, 0, 0, 0, 0, 0, 0, 0, 0, 0, 0, 0, 0, 0\n0, 0, 0, 0, 0, 0, 0, 0, 0, 0, 0, 0, 0, 0\n0, 0, 0, 0, 0, 0, 0, 0, 0, 0, 0, 0, 4, 0]"] ;
49 -> 77 ;
78 [label="gini = 0.0\nsamples = 4\nvalue = [0, 0, 0, 0, 0, 0, 0, 0, 0, 0, 0, 0, 0, 0\n0, 0, 0, 0, 0, 0, 0, 0, 0, 0, 0, 0, 0, 0\n0, 0, 0, 0, 0, 0, 0, 0, 0, 0, 0, 4, 0, 0]"] ;
48 -> 78 ;
79 [label="gini = 0.0\nsamples = 4\nvalue = [0, 0, 0, 0, 0, 0, 0, 0, 0, 0, 0, 0, 0, 0\n0, 0, 0, 4, 0, 0, 0, 0, 0, 0, 0, 0, 0, 0\n0, 0, 0, 0, 0, 0, 0, 0, 0, 0, 0, 0, 0, 0]"] ;
47 -> 79 ;
80 [label="gini = 0.0\nsamples = 5\nvalue = [0, 0, 0, 0, 0, 0, 0, 0, 0, 0, 0, 0, 0, 0\n0, 0, 0, 0, 0, 0, 0, 0, 0, 5, 0, 0, 0, 0\n0, 0, 0, 0, 0, 0, 0, 0, 0, 0, 0, 0, 0, 0]"] ;
46 -> 80 ;
81 [label="gini = 0.0\nsamples = 5\nvalue = [0, 0, 0, 0, 0, 0, 0, 0, 0, 0, 0, 0, 0, 0\n0, 0, 0, 0, 0, 0, 0, 0, 0, 0, 0, 0, 0, 0\n0, 0, 0, 0, 0, 5, 0, 0, 0, 0, 0, 0, 0, 0]"] ;
45 -> 81 ;
82 [label="gini = 0.0\nsamples = 5\nvalue = [0, 0, 0, 0, 0, 0, 5, 0, 0, 0, 0, 0, 0, 0\n0, 0, 0, 0, 0, 0, 0, 0, 0, 0, 0, 0, 0, 0\n0, 0, 0, 0, 0, 0, 0, 0, 0, 0, 0, 0, 0, 0]"] ;
44 -> 82 ;
83 [label="gini = 0.0\nsamples = 5\nvalue = [0, 0, 0, 0, 0, 5, 0, 0, 0, 0, 0, 0, 0, 0\n0, 0, 0, 0, 0, 0, 0, 0, 0, 0, 0, 0, 0, 0\n0, 0, 0, 0, 0, 0, 0, 0, 0, 0, 0, 0, 0, 0]"] ;
43 -> 83 ;
84 [label="gini = 0.0\nsamples = 5\nvalue = [0, 0, 0, 0, 0, 0, 0, 0, 0, 0, 5, 0, 0, 0\n0, 0, 0, 0, 0, 0, 0, 0, 0, 0, 0, 0, 0, 0\n0, 0, 0, 0, 0, 0, 0, 0, 0, 0, 0, 0, 0, 0]"] ;
42 -> 84 ;
85 [label="gini = 0.0\nsamples = 7\nvalue = [0, 0, 0, 0, 0, 0, 0, 0, 0, 0, 0, 0, 0, 0\n7, 0, 0, 0, 0, 0, 0, 0, 0, 0, 0, 0, 0, 0\n0, 0, 0, 0, 0, 0, 0, 0, 0, 0, 0, 0, 0, 0]"] ;
41 -> 85 ;
86 [label="X[0] <= 0.5\ngini = 0.492\nsamples = 16\nvalue = [0, 0, 0, 0, 0, 0, 0, 0, 0, 0, 0, 0, 0, 9\n0, 7, 0, 0, 0, 0, 0, 0, 0, 0, 0, 0, 0, 0\n0, 0, 0, 0, 0, 0, 0, 0, 0, 0, 0, 0, 0, 0]"] ;
40 -> 86 ;
87 [label="gini = 0.0\nsamples = 7\nvalue = [0, 0, 0, 0, 0, 0, 0, 0, 0, 0, 0, 0, 0, 0\n0, 7, 0, 0, 0, 0, 0, 0, 0, 0, 0, 0, 0, 0\n0, 0, 0, 0, 0, 0, 0, 0, 0, 0, 0, 0, 0, 0]"] ;
86 -> 87 ;
88 [label="gini = 0.0\nsamples = 9\nvalue = [0, 0, 0, 0, 0, 0, 0, 0, 0, 0, 0, 0, 0, 9\n0, 0, 0, 0, 0, 0, 0, 0, 0, 0, 0, 0, 0, 0\n0, 0, 0, 0, 0, 0, 0, 0, 0, 0, 0, 0, 0, 0]"] ;
86 -> 88 ;
89 [label="gini = 0.0\nsamples = 8\nvalue = [0, 8, 0, 0, 0, 0, 0, 0, 0, 0, 0, 0, 0, 0\n0, 0, 0, 0, 0, 0, 0, 0, 0, 0, 0, 0, 0, 0\n0, 0, 0, 0, 0, 0, 0, 0, 0, 0, 0, 0, 0, 0]"] ;
39 -> 89 ;
90 [label="gini = 0.0\nsamples = 9\nvalue = [0, 0, 0, 0, 0, 0, 0, 0, 0, 0, 0, 0, 0, 0\n0, 0, 9, 0, 0, 0, 0, 0, 0, 0, 0, 0, 0, 0\n0, 0, 0, 0, 0, 0, 0, 0, 0, 0, 0, 0, 0, 0]"] ;
38 -> 90 ;
91 [label="gini = 0.0\nsamples = 60\nvalue = [0, 0, 0, 0, 0, 0, 0, 0, 0, 0, 0, 0, 0, 60\n0, 0, 0, 0, 0, 0, 0, 0, 0, 0, 0, 0, 0, 0\n0, 0, 0, 0, 0, 0, 0, 0, 0, 0, 0, 0, 0, 0]"] ;
37 -> 91 ;
92 [label="gini = 0.0\nsamples = 58\nvalue = [0, 0, 0, 0, 0, 0, 0, 0, 0, 0, 0, 0, 0, 0\n0, 58, 0, 0, 0, 0, 0, 0, 0, 0, 0, 0, 0, 0\n0, 0, 0, 0, 0, 0, 0, 0, 0, 0, 0, 0, 0, 0]"] ;
36 -> 92 ;
93 [label="X[14] <= 0.5\ngini = 0.201\nsamples = 73\nvalue = [0, 0, 0, 0, 0, 0, 0, 0, 65, 0, 0, 0, 0, 0\n0, 0, 0, 0, 0, 0, 5, 3, 0, 0, 0, 0, 0, 0\n0, 0, 0, 0, 0, 0, 0, 0, 0, 0, 0, 0, 0, 0]"] ;
35 -> 93 ;
94 [label="gini = 0.0\nsamples = 65\nvalue = [0, 0, 0, 0, 0, 0, 0, 0, 65, 0, 0, 0, 0, 0\n0, 0, 0, 0, 0, 0, 0, 0, 0, 0, 0, 0, 0, 0\n0, 0, 0, 0, 0, 0, 0, 0, 0, 0, 0, 0, 0, 0]"] ;
93 -> 94 ;
95 [label="X[6] <= 0.5\ngini = 0.469\nsamples = 8\nvalue = [0, 0, 0, 0, 0, 0, 0, 0, 0, 0, 0, 0, 0, 0\n0, 0, 0, 0, 0, 0, 5, 3, 0, 0, 0, 0, 0, 0\n0, 0, 0, 0, 0, 0, 0, 0, 0, 0, 0, 0, 0, 0]"] ;
93 -> 95 ;
96 [label="gini = 0.0\nsamples = 5\nvalue = [0, 0, 0, 0, 0, 0, 0, 0, 0, 0, 0, 0, 0, 0\n0, 0, 0, 0, 0, 0, 5, 0, 0, 0, 0, 0, 0, 0\n0, 0, 0, 0, 0, 0, 0, 0, 0, 0, 0, 0, 0, 0]"] ;
95 -> 96 ;
97 [label="gini = 0.0\nsamples = 3\nvalue = [0, 0, 0, 0, 0, 0, 0, 0, 0, 0, 0, 0, 0, 0\n0, 0, 0, 0, 0, 0, 0, 3, 0, 0, 0, 0, 0, 0\n0, 0, 0, 0, 0, 0, 0, 0, 0, 0, 0, 0, 0, 0]"] ;
95 -> 97 ;
98 [label="gini = 0.0\nsamples = 60\nvalue = [0, 0, 0, 0, 0, 0, 60, 0, 0, 0, 0, 0, 0, 0\n0, 0, 0, 0, 0, 0, 0, 0, 0, 0, 0, 0, 0, 0\n0, 0, 0, 0, 0, 0, 0, 0, 0, 0, 0, 0, 0, 0]"] ;
34 -> 98 ;
99 [label="gini = 0.0\nsamples = 59\nvalue = [0, 0, 0, 59, 0, 0, 0, 0, 0, 0, 0, 0, 0, 0\n0, 0, 0, 0, 0, 0, 0, 0, 0, 0, 0, 0, 0, 0\n0, 0, 0, 0, 0, 0, 0, 0, 0, 0, 0, 0, 0, 0]"] ;
33 -> 99 ;
100 [label="gini = 0.0\nsamples = 61\nvalue = [0, 0, 61, 0, 0, 0, 0, 0, 0, 0, 0, 0, 0, 0\n0, 0, 0, 0, 0, 0, 0, 0, 0, 0, 0, 0, 0, 0\n0, 0, 0, 0, 0, 0, 0, 0, 0, 0, 0, 0, 0, 0]"] ;
32 -> 100 ;
101 [label="gini = 0.0\nsamples = 62\nvalue = [0, 0, 0, 0, 0, 0, 0, 0, 0, 0, 0, 0, 0, 0\n0, 0, 0, 62, 0, 0, 0, 0, 0, 0, 0, 0, 0, 0\n0, 0, 0, 0, 0, 0, 0, 0, 0, 0, 0, 0, 0, 0]"] ;
31 -> 101 ;
102 [label="gini = 0.0\nsamples = 63\nvalue = [0, 0, 0, 0, 0, 0, 0, 0, 0, 0, 0, 0, 0, 0\n0, 0, 0, 0, 0, 0, 0, 0, 0, 0, 0, 0, 0, 0\n0, 0, 0, 0, 63, 0, 0, 0, 0, 0, 0, 0, 0, 0]"] ;
30 -> 102 ;
103 [label="X[35] <= 0.5\ngini = 0.499\nsamples = 130\nvalue = [0, 0, 0, 0, 0, 0, 0, 0, 0, 0, 0, 0, 0, 0\n0, 0, 0, 0, 0, 0, 0, 68, 0, 0, 0, 0, 0, 0\n62, 0, 0, 0, 0, 0, 0, 0, 0, 0, 0, 0, 0, 0]"] ;
29 -> 103 ;
104 [label="X[43] <= 0.5\ngini = 0.031\nsamples = 63\nvalue = [0, 0, 0, 0, 0, 0, 0, 0, 0, 0, 0, 0, 0, 0\n0, 0, 0, 0, 0, 0, 0, 1, 0, 0, 0, 0, 0, 0\n62, 0, 0, 0, 0, 0, 0, 0, 0, 0, 0, 0, 0, 0]"] ;
103 -> 104 ;
105 [label="gini = 0.0\nsamples = 62\nvalue = [0, 0, 0, 0, 0, 0, 0, 0, 0, 0, 0, 0, 0, 0\n0, 0, 0, 0, 0, 0, 0, 0, 0, 0, 0, 0, 0, 0\n62, 0, 0, 0, 0, 0, 0, 0, 0, 0, 0, 0, 0, 0]"] ;
104 -> 105 ;
106 [label="gini = 0.0\nsamples = 1\nvalue = [0, 0, 0, 0, 0, 0, 0, 0, 0, 0, 0, 0, 0, 0\n0, 0, 0, 0, 0, 0, 0, 1, 0, 0, 0, 0, 0, 0\n0, 0, 0, 0, 0, 0, 0, 0, 0, 0, 0, 0, 0, 0]"] ;
104 -> 106 ;
107 [label="gini = 0.0\nsamples = 67\nvalue = [0, 0, 0, 0, 0, 0, 0, 0, 0, 0, 0, 0, 0, 0\n0, 0, 0, 0, 0, 0, 0, 67, 0, 0, 0, 0, 0, 0\n0, 0, 0, 0, 0, 0, 0, 0, 0, 0, 0, 0, 0, 0]"] ;
103 -> 107 ;
108 [label="gini = 0.0\nsamples = 64\nvalue = [0, 0, 0, 0, 0, 0, 0, 0, 0, 0, 0, 0, 0, 0\n0, 0, 0, 0, 0, 0, 0, 0, 0, 0, 0, 0, 0, 0\n0, 0, 0, 0, 0, 0, 0, 0, 0, 0, 0, 64, 0, 0]"] ;
28 -> 108 ;
109 [label="gini = 0.0\nsamples = 64\nvalue = [0, 0, 0, 0, 0, 0, 0, 0, 0, 0, 0, 0, 0, 0\n0, 0, 0, 0, 0, 0, 0, 0, 0, 0, 0, 0, 0, 0\n0, 0, 0, 0, 0, 0, 64, 0, 0, 0, 0, 0, 0, 0]"] ;
27 -> 109 ;
110 [label="gini = 0.0\nsamples = 64\nvalue = [0, 0, 0, 0, 0, 0, 0, 64, 0, 0, 0, 0, 0, 0\n0, 0, 0, 0, 0, 0, 0, 0, 0, 0, 0, 0, 0, 0\n0, 0, 0, 0, 0, 0, 0, 0, 0, 0, 0, 0, 0, 0]"] ;
26 -> 110 ;
111 [label="gini = 0.0\nsamples = 66\nvalue = [0, 0, 0, 0, 0, 0, 0, 0, 0, 0, 0, 0, 0, 0\n0, 0, 0, 0, 0, 0, 0, 0, 0, 0, 0, 0, 0, 0\n0, 0, 66, 0, 0, 0, 0, 0, 0, 0, 0, 0, 0, 0]"] ;
25 -> 111 ;
112 [label="gini = 0.0\nsamples = 68\nvalue = [0, 0, 0, 0, 0, 0, 0, 0, 0, 0, 0, 0, 0, 0\n0, 0, 0, 0, 0, 0, 0, 0, 0, 0, 0, 0, 0, 0\n0, 0, 0, 0, 0, 68, 0, 0, 0, 0, 0, 0, 0, 0]"] ;
24 -> 112 ;
113 [label="X[43] <= 0.5\ngini = 0.5\nsamples = 136\nvalue = [0, 0, 0, 0, 0, 0, 0, 0, 0, 0, 0, 0, 0, 0\n0, 0, 0, 0, 0, 0, 0, 0, 0, 0, 0, 0, 0, 0\n0, 68, 0, 0, 0, 0, 0, 0, 0, 0, 0, 0, 0, 68]"] ;
23 -> 113 ;
114 [label="gini = 0.0\nsamples = 68\nvalue = [0, 0, 0, 0, 0, 0, 0, 0, 0, 0, 0, 0, 0, 0\n0, 0, 0, 0, 0, 0, 0, 0, 0, 0, 0, 0, 0, 0\n0, 68, 0, 0, 0, 0, 0, 0, 0, 0, 0, 0, 0, 0]"] ;
113 -> 114 ;
115 [label="gini = 0.0\nsamples = 68\nvalue = [0, 0, 0, 0, 0, 0, 0, 0, 0, 0, 0, 0, 0, 0\n0, 0, 0, 0, 0, 0, 0, 0, 0, 0, 0, 0, 0, 0\n0, 0, 0, 0, 0, 0, 0, 0, 0, 0, 0, 0, 0, 68]"] ;
113 -> 115 ;
116 [label="gini = 0.0\nsamples = 69\nvalue = [0, 0, 0, 0, 0, 0, 0, 0, 0, 0, 0, 0, 0, 0\n0, 0, 69, 0, 0, 0, 0, 0, 0, 0, 0, 0, 0, 0\n0, 0, 0, 0, 0, 0, 0, 0, 0, 0, 0, 0, 0, 0]"] ;
22 -> 116 ;
117 [label="gini = 0.0\nsamples = 69\nvalue = [0, 69, 0, 0, 0, 0, 0, 0, 0, 0, 0, 0, 0, 0\n0, 0, 0, 0, 0, 0, 0, 0, 0, 0, 0, 0, 0, 0\n0, 0, 0, 0, 0, 0, 0, 0, 0, 0, 0, 0, 0, 0]"] ;
21 -> 117 ;
118 [label="gini = 0.0\nsamples = 69\nvalue = [0, 0, 0, 0, 0, 0, 0, 0, 0, 0, 0, 0, 0, 0\n0, 0, 0, 0, 0, 0, 0, 0, 0, 0, 0, 0, 0, 0\n0, 0, 0, 0, 0, 0, 0, 0, 0, 0, 0, 0, 69, 0]"] ;
20 -> 118 ;
119 [label="gini = 0.0\nsamples = 69\nvalue = [69, 0, 0, 0, 0, 0, 0, 0, 0, 0, 0, 0, 0, 0\n0, 0, 0, 0, 0, 0, 0, 0, 0, 0, 0, 0, 0, 0\n0, 0, 0, 0, 0, 0, 0, 0, 0, 0, 0, 0, 0, 0]"] ;
19 -> 119 ;
120 [label="gini = 0.0\nsamples = 69\nvalue = [0, 0, 0, 0, 69, 0, 0, 0, 0, 0, 0, 0, 0, 0\n0, 0, 0, 0, 0, 0, 0, 0, 0, 0, 0, 0, 0, 0\n0, 0, 0, 0, 0, 0, 0, 0, 0, 0, 0, 0, 0, 0]"] ;
18 -> 120 ;
121 [label="gini = 0.0\nsamples = 70\nvalue = [0, 0, 0, 0, 0, 0, 0, 0, 0, 0, 0, 0, 0, 0\n0, 0, 0, 0, 0, 0, 0, 0, 0, 0, 0, 0, 0, 0\n0, 0, 0, 0, 0, 0, 0, 0, 70, 0, 0, 0, 0, 0]"] ;
17 -> 121 ;
122 [label="gini = 0.0\nsamples = 70\nvalue = [0, 0, 0, 0, 0, 0, 0, 0, 0, 0, 0, 70, 0, 0\n0, 0, 0, 0, 0, 0, 0, 0, 0, 0, 0, 0, 0, 0\n0, 0, 0, 0, 0, 0, 0, 0, 0, 0, 0, 0, 0, 0]"] ;
16 -> 122 ;
123 [label="gini = 0.0\nsamples = 70\nvalue = [0, 0, 0, 0, 0, 0, 0, 0, 0, 0, 0, 0, 70, 0\n0, 0, 0, 0, 0, 0, 0, 0, 0, 0, 0, 0, 0, 0\n0, 0, 0, 0, 0, 0, 0, 0, 0, 0, 0, 0, 0, 0]"] ;
15 -> 123 ;
124 [label="gini = 0.0\nsamples = 70\nvalue = [0, 0, 0, 0, 0, 0, 0, 0, 0, 0, 0, 0, 0, 0\n0, 0, 0, 0, 0, 0, 0, 0, 0, 0, 0, 0, 0, 0\n0, 0, 0, 0, 0, 0, 0, 0, 0, 70, 0, 0, 0, 0]"] ;
14 -> 124 ;
125 [label="gini = 0.0\nsamples = 71\nvalue = [0, 0, 0, 0, 0, 0, 0, 0, 0, 0, 0, 0, 0, 0\n0, 0, 0, 0, 71, 0, 0, 0, 0, 0, 0, 0, 0, 0\n0, 0, 0, 0, 0, 0, 0, 0, 0, 0, 0, 0, 0, 0]"] ;
13 -> 125 ;
126 [label="X[34] <= 0.5\ngini = 0.498\nsamples = 143\nvalue = [0, 0, 0, 0, 0, 67, 0, 0, 0, 0, 0, 0, 0, 0\n0, 0, 0, 0, 0, 0, 76, 0, 0, 0, 0, 0, 0, 0\n0, 0, 0, 0, 0, 0, 0, 0, 0, 0, 0, 0, 0, 0]"] ;
12 -> 126 ;
127 [label="X[35] <= 0.5\ngini = 0.082\nsamples = 70\nvalue = [0, 0, 0, 0, 0, 67, 0, 0, 0, 0, 0, 0, 0, 0\n0, 0, 0, 0, 0, 0, 3, 0, 0, 0, 0, 0, 0, 0\n0, 0, 0, 0, 0, 0, 0, 0, 0, 0, 0, 0, 0, 0]"] ;
126 -> 127 ;
128 [label="gini = 0.0\nsamples = 67\nvalue = [0, 0, 0, 0, 0, 67, 0, 0, 0, 0, 0, 0, 0, 0\n0, 0, 0, 0, 0, 0, 0, 0, 0, 0, 0, 0, 0, 0\n0, 0, 0, 0, 0, 0, 0, 0, 0, 0, 0, 0, 0, 0]"] ;
127 -> 128 ;
129 [label="gini = 0.0\nsamples = 3\nvalue = [0, 0, 0, 0, 0, 0, 0, 0, 0, 0, 0, 0, 0, 0\n0, 0, 0, 0, 0, 0, 3, 0, 0, 0, 0, 0, 0, 0\n0, 0, 0, 0, 0, 0, 0, 0, 0, 0, 0, 0, 0, 0]"] ;
127 -> 129 ;
130 [label="gini = 0.0\nsamples = 73\nvalue = [0, 0, 0, 0, 0, 0, 0, 0, 0, 0, 0, 0, 0, 0\n0, 0, 0, 0, 0, 0, 73, 0, 0, 0, 0, 0, 0, 0\n0, 0, 0, 0, 0, 0, 0, 0, 0, 0, 0, 0, 0, 0]"] ;
126 -> 130 ;
131 [label="gini = 0.0\nsamples = 72\nvalue = [0, 0, 0, 0, 0, 0, 0, 0, 0, 0, 0, 0, 0, 0\n72, 0, 0, 0, 0, 0, 0, 0, 0, 0, 0, 0, 0, 0\n0, 0, 0, 0, 0, 0, 0, 0, 0, 0, 0, 0, 0, 0]"] ;
11 -> 131 ;
132 [label="gini = 0.0\nsamples = 72\nvalue = [0, 0, 0, 0, 0, 0, 0, 0, 0, 0, 0, 0, 0, 0\n0, 0, 0, 0, 0, 0, 0, 0, 0, 0, 0, 0, 0, 0\n0, 0, 0, 72, 0, 0, 0, 0, 0, 0, 0, 0, 0, 0]"] ;
10 -> 132 ;
133 [label="gini = 0.0\nsamples = 72\nvalue = [0, 0, 0, 0, 0, 0, 0, 0, 0, 0, 0, 0, 0, 0\n0, 0, 0, 0, 0, 0, 0, 0, 0, 0, 0, 0, 0, 0\n0, 0, 0, 0, 0, 0, 0, 0, 0, 0, 72, 0, 0, 0]"] ;
9 -> 133 ;
134 [label="gini = 0.0\nsamples = 74\nvalue = [0, 0, 0, 0, 0, 0, 0, 0, 0, 0, 0, 0, 0, 0\n0, 0, 0, 0, 0, 0, 0, 0, 0, 0, 0, 0, 0, 74\n0, 0, 0, 0, 0, 0, 0, 0, 0, 0, 0, 0, 0, 0]"] ;
8 -> 134 ;
135 [label="gini = 0.0\nsamples = 75\nvalue = [0, 0, 0, 0, 0, 0, 0, 0, 0, 0, 0, 0, 0, 0\n0, 0, 0, 0, 0, 0, 0, 0, 75, 0, 0, 0, 0, 0\n0, 0, 0, 0, 0, 0, 0, 0, 0, 0, 0, 0, 0, 0]"] ;
7 -> 135 ;
136 [label="gini = 0.0\nsamples = 75\nvalue = [0, 0, 0, 0, 0, 0, 0, 0, 0, 0, 0, 0, 0, 0\n0, 0, 0, 0, 0, 0, 0, 0, 0, 0, 75, 0, 0, 0\n0, 0, 0, 0, 0, 0, 0, 0, 0, 0, 0, 0, 0, 0]"] ;
6 -> 136 ;
137 [label="gini = 0.0\nsamples = 75\nvalue = [0, 0, 0, 0, 0, 0, 0, 0, 0, 0, 0, 0, 0, 0\n0, 0, 0, 0, 0, 0, 0, 0, 0, 0, 0, 0, 75, 0\n0, 0, 0, 0, 0, 0, 0, 0, 0, 0, 0, 0, 0, 0]"] ;
5 -> 137 ;
138 [label="gini = 0.0\nsamples = 77\nvalue = [0, 0, 0, 0, 0, 0, 0, 0, 0, 0, 0, 0, 0, 0\n0, 0, 0, 0, 0, 0, 0, 0, 0, 77, 0, 0, 0, 0\n0, 0, 0, 0, 0, 0, 0, 0, 0, 0, 0, 0, 0, 0]"] ;
4 -> 138 ;
139 [label="gini = 0.0\nsamples = 77\nvalue = [0, 0, 0, 0, 0, 0, 0, 0, 0, 77, 0, 0, 0, 0\n0, 0, 0, 0, 0, 0, 0, 0, 0, 0, 0, 0, 0, 0\n0, 0, 0, 0, 0, 0, 0, 0, 0, 0, 0, 0, 0, 0]"] ;
3 -> 139 ;
140 [label="gini = 0.0\nsamples = 77\nvalue = [0, 0, 0, 0, 0, 0, 0, 0, 0, 0, 0, 0, 0, 0\n0, 0, 0, 0, 0, 0, 0, 0, 0, 0, 0, 77, 0, 0\n0, 0, 0, 0, 0, 0, 0, 0, 0, 0, 0, 0, 0, 0]"] ;
2 -> 140 ;
141 [label="gini = 0.0\nsamples = 82\nvalue = [0, 0, 0, 0, 0, 0, 0, 0, 0, 0, 0, 0, 0, 0\n0, 0, 0, 0, 0, 0, 0, 0, 0, 0, 0, 0, 0, 0\n0, 0, 0, 0, 0, 0, 0, 82, 0, 0, 0, 0, 0, 0]"] ;
1 -> 141 ;
142 [label="gini = 0.0\nsamples = 82\nvalue = [0, 0, 0, 0, 0, 0, 0, 0, 0, 0, 0, 0, 0, 0\n0, 0, 0, 0, 0, 82, 0, 0, 0, 0, 0, 0, 0, 0\n0, 0, 0, 0, 0, 0, 0, 0, 0, 0, 0, 0, 0, 0]"] ;
0 -> 142 [labeldistance=2.5, labelangle=-45, headlabel="False"] ;
}
